0000000000000000000000000000000000000000000000000000000000000000000000000000000000000000000000000000
0000000000000000000000000000000000000000000000000000000000000000000000000000000000000000000000000000
0000000000000000000000000000000000000000000000000000000000000000000000000000000000000000000000000000
0000000000000000000000000000000000000000000000000000000000000000000000000000000000000000000000000000
0000000000000000000000000000000000000000000000000000000000000000000000000000000000000000000000000000
0000000000000000000000000000000000000000000000000000000000000000000000000000000000000000000000000000
0000000000000000000000000000000000000000000000000000000000000000000000000000000000000000000000000000
0000000000000000000000000000000000000000000000000000000000000000000000000000000000000000000000000000
0000000000000000000000000000000000000000000000000000000000000000000000000000000000000000000000000000
0000000000000000000000000000000000000000000000000000000000000000000000000000000000000000000000000000
0000000000000000000000000000000000000000000000000000000000000000000000000000000000000000000000000000
0000000000000000000000000000000000000000000000000000000000000000000000000000000000000000000000000000
0000000000000000000000000000000000000000000000000000000000000000000000000000000000000000000000000000
0000000000000000000000000000000000000000000000000000000000000000000000000000000000000000000000000000
0000000000000000000000000000000000000000000000000000000000000000000000000000000000000000000000000000
0000000000000000000000000000000000000000000000000000000000000000000000000000000000000000000000000000
0000000000000000000000000000000000000000000000000000000000000000000000000000000000000000000000000000
0000000000000000000000000000000000000000000000000000000000000000000000000000000000000000000000000000
0000000000000000000000000000000000000000000000000000000000000000000000000000000000000000000000000000
0000000000000000000000000000000000000000000000000000000000000000000000000000000000000000000000000000
0000000000000000000000000000000000000000000000000000000000000000000000000000000000000000000000000000
0000000000000000000000000000000000000000000000000000000000000000000000000000000000000000000000000000
0000000000000000000000000000000000000000000000000000000000000000000000000000000000000000000000000000
0000000000000000000000000000000000000000000000000000000000000000000000000000000000000000000000000000
0000000000000000000000000000000000000000000000000000000000000000000000000000000000000000000000000000
0000000000000000000000000000000000000000000000000000000000000000000000000000000000000000000000000000
0000000000000000000000000000000000000000000000000000000000000000000000000000000000000000000000000000
0000000000000000000000000000000000000100000000001010000000000000000000000000000000001000000000000000
0000000000000000000000000000000000000010000000010001000000000000000000000000000000010000000000000000
0000000000000000000000000000000000000001000000100000100000000000000000000000000000100000000000000000
0000000000000000000000000000000000000000100001000000010000000000000000000000000001000000000000000000
0000000000000000000000000000000000000000010010000000001000000000000000000000000010000000000000000000
0000000000000000000000000000000000000000001100000000000100000000000000000000000100000000000000000000
0000000000000000000000000000000000000000001000000000000010100010110001011111111000000000000000000000
0000000000000000000000000000000000000000000100000000000011011101001110100000001000000000000000000000
0000000000000000000000000000000000000000000100000000000100000000000000000000000100000000000000000000
0000000000000000000000000000000000000000001000000000001000000000000000000000000010000000000000000000
0000000000000000000000000000000000000000001000000000010100000000000000000000000101000000000000000000
0000000000000000000000000000000000000000000100000000100100000000000000000000000100100000000000000000
0000000000000000000000000000000000000000000100000001000100000000000000000000000100010000000000000000
0000000000000000000000000000000000000000001010000010000100000000000000000000000100001000000000000000
0000000000000000000000000000000000000000010001000000000100000000000000000000000100000000000000000000
0000000000000000000101010101010100010000100010100000000100000000000000000000000100001000000000000000
0000000000000000000101010101010010100001000001011111111011111111000000000000000100010000000000000000
0000000000000000000101010101010001000001000001010000000000000000110000000000000100100000000000000000
0000000000000000000101010101010011000001000001010000000000000000001000000000000101000000000000000000
0000000000000000000101010101010100100001000010001001010010010100000100000000000010000000000000000000
0000000000000000000000000000000000010001000010001000101101101000000010000000000100000000000000000000
0000000000000000000100101010101000011110000010001101001000100100000001111111111000000000000000000000
0000000000000000000100101010101000100001000101010010101000101000000010000000000100000000000000000000
0000000000000000000010101010101000100001000000000000000000000000000100000000000010000000000000000000
0000000000000000000010101010101000100001000101010101001001001000001000000000000001000000000000000000
0000000000000000000100101010101001100001000010001000100101000100001000000000000000100000000000000000
0000000000000000000100101010101010010001000010000101101101101000110000000000000000010000000000000000
0000000000000000000000000000000000000001000010001010010010010101001000000000000000001000000000000000
0000000000000100000000000000000000000001000001010000000000000000010000000000000000000000000000000000
0000000000000010000000000000000000000001000010010000000000000000010000101000000000001000000000000000
0000000000000001101001111110111010000010000010001000000000000000010001000100000000010000000000000000
0000000000000001010110000001000101110011111101110111111111111111001010000010000000100000000000000000
0000000000000010000000000000000000001100000000000000000000000000110100000001000001000000000000000000
0000000000000100000000000000000000000100000000000000000000000000001011111110111010000000000000000000
0000000000000000000000000000000000000100000000000000000000000000010100000000100110000000000000000000
0000000000000100000000000000000100001010000100000000000000001000010010000001000001000000000000000000
0000000000000010000000000000001000010001000010000000000000010000100010000010000000100000000000000000
0000000000000001000000000000010000100000100001000000000000100001000001000100000000010000000000000000
0000000000000000100000000000100000100000100000100000000001000001000001001000000000001000000000000000
0000000000000000010000000001000000100000100000010000000010000001000001000000000000000000000000000000
0000000000000000001000000010000000100000100000001000000100000001000001000000000000001000000000000000
0000000000000000000100000100000001000000010000000100001000000010000001000000000000010000000000000000
0000000000000000000010001000000010000000010000000100001000000100000000100000000000100000000000000000
0000000000000000000001010000000100000000001000000010010000001000000000100000000001000000000000000000
0000000000000000000000101000001000000000000100000010100000010000000000010000000010000000000000000000
0000000000000000000000010000010000000000000010000001000000100000000000001000000100000000000000000000
0000000000000000000000001000100000000000000001000000100001000000000000000100001000000000000000000000
0000000000000000000000001101000000000000000000100111011010000000000000000010010000000000000000000000
0000000000000000000000010010000000000000000000011000000100000000000000000001100000000000000000000000
0000000000000000000000100001000000000000000000010000000010000000000000000001000000000000000000000000
0000000000000000000001000000100000000000000000100000000001000000000000000001100000000000000000000000
0000000000000000000010000000010000000000000001000000000000100000000000000010010000000000000000000000
0000000000000000000100000000001000000000000010000000000000010000000000000100001000000000000000000000
0000000000000000001000000000000100000000000100000000000000001000000000001000000100000000000000000000
0000000000000000010000000000000010000000001000000000000000000100000000010000000010000000000000000000
0000000000000000100000000000000001000000010000000000000000000010000000100000000001000000000000000000
0000000000000001000000000000000000100000100000000000000000000001000001000000000000100000000000000000
0000000000000010000000000000000000010001000000000000000000000000100010000000000000010000000000000000
0000000000000100000000000000000000001010000000000000000000000000010100000000000000001000000000000000
0000000000000000000000000000000000000000000000000000000000000000000000000000000000000000000000000000
0000000000000000000000000000000000000000000000000000000000000000000000000000000000000000000000000000
0000000000000000000000000000000000000000000000000000000000000000000000000000000000000000000000000000
0000000000000000000000000000000000000000000000000000000000000000000000000000000000000000000000000000
0000000000000000000000000000000000000000000000000000000000000000000000000000000000000000000000000000
0000000000000000000000000000000000000000000000000000000000000000000000000000000000000000000000000000
0000000000000000000000000000000000000000000000000000000000000000000000000000000000000000000000000000
0000000000000000000000000000000000000000000000000000000000000000000000000000000000000000000000000000
0000000000000000000000000000000000000000000000000000000000000000000000000000000000000000000000000000
0000000000000000000000000000000000000000000000000000000000000000000000000000000000000000000000000000
0000000000000000000000000000000000000000000000000000000000000000000000000000000000000000000000000000
0000000000000000000000000000000000000000000000000000000000000000000000000000000000000000000000000000
0000000000000000000000000000000000000000000000000000000000000000000000000000000000000000000000000000
0000000000000000000000000000000000000000000000000000000000000000000000000000000000000000000000000000
