0000000000000000000000000000000000000000000000000000000000000000000000000000000000000000000000000000
0000000000000000000000000000000000000000000000000000000000000000000000000000000000000000000000000000
0000000000000000000000000000000000000000000000000000000000000000000000000000000000000000000000000000
0000000000000000000000000000000000000000000000000000000000000000000000000000000000000000000000000000
0000000000000000000000000000000000000000000000000000000000000000000000000000000000000000000000000000
0000000000000000000000000000000000000000000000000000000000000000000000000000000000000000000000000000
0000000000000000000000000000000000000000000000000000000000000000000000000000000000000000000000000000
0000000000000000000000000000000000000000000000000000000000000000000000000000000000000000000000000000
0000000000000000000000000000000000000000000000000000000000000000000000000000000000000000000000000000
0000000000000000000000000000000000000000000000000000000000000000000000000000000000000000000000000000
0000000000000000000000000000000000000000000000000000000000000000000000000000000000000000000000000000
0000000000000000000000000000000000000000000000000000000000000000000000000000000000000000000000000000
0000000000000000000000000000000000000000000000000000000000000000000000000000000000000000000000000000
0000000000000000000000000000000000000000000000000000000000000000000000000000000000000000000000000000
0000000000000000000000000000000000000000000000000000000000000000000000000000000000000000000000000000
0000000000000000000000000000000000000000000000000000000000000000000000000000000000000000000000000000
0000000000000000000000000000000000000000000000000000000000000000000000000000000000000000000000000000
0000000000000000000000000000000000000000000000000000000000000000000000000000000000000000000000000000
0000000000000000000000000000000000000000000000000000000000000000000000000000000000000000000000000000
0000000000000000000000000000000000000000000000000000000000000000000000000000000000000000000000000000
0000000000000000000000000000000000000000000000000000000000000000000000000000000000000000000000000000
0000000000000000000000000000000000000000000000000000000000000000000000000000000000000000000000000000
0000000000000000000000000000000000000000000000000000000000000000000000000000000000000000000000000000
0000000000000000000000000000000000000000000000000000000000000000000000000000000000000000000000000000
0000000000000000000000000000000000000000000000000000000000000000000000000000000000000000000000000000
0000000000000000000000000000000000000000000000000000000000000000000000000000000000000000000000000000
0000000000000000000000000000000000000000000000000000000000000000000000000000000000000000000000000000
0000000000000000000000000000000000000100001000010100000001010000000000000000000000001000000000000000
0000000000000000000000000000000000000011110100100010000010001000000000000000000000010000000000000000
0000000000000000000000000000000000000100000011000001000100000100000000000000000000100000000000000000
0000000000000000000000000000000000000000000001000001101100000010000000000000000001000000000000000000
0000000000000000000000000000000000000100000001000010010010000001000000000000000010000000000000000000
0000000000000000000000000000000000000011110110000100010001000000100000000000000100000000000000000000
0000000000000000000000000000000000000100001001000000010000000000010000000000001000000000000000000000
0000000000000000000000000000000000000000000001000000010000101100101000000000010000000000000000000000
0000000000000000000000000000000000000100010001110000010011010011000110000010100000000000000000000000
0000000000000000000000000000000000000011100010001100010100000000000101101101100000000000000000000000
0000000000000000000000000000000000000010010010000010101000000000001000010000010000000000000000000000
0000000000000000000000000000000000000100000100000001010000000000010000010000001000000000000000000000
0000000000000000000000000000000000000010000101000010001000000000100000010000000100000000000000000000
0000000000000000000000000000000000000011111010100100000100000001000000100000000010000000000000000000
0000000000000000000000000000000000000100000000101000000100000010000000010000000001000000000000000000
0000000000000000000101010101010100010000000000000000000010000100000000100000000000100000000000000000
0000000000000000000101010101010010100100000000000000100010001000000000010000000000010000000000000000
0000000000000000000101010101010001000010000000000001000100010000000000100000000000001000000000000000
0000000000000000000101010101010011000001000000000010100100000000000000010000000000000000000000000000
0000000000000000000101010101010100100000100010000101011100010000001000100001000000001000000000000000
0000000000000000000000000000000000100000101101111100000010001000010000010000100000010000000000000000
0000000000000000000010101010101000100001010000000010000100000100100000100000011111100000000000000000
0000000000000000000100101010101001000010001000000001000010000011000000010000010000100000000000000000
0000000000000000000010101010101000100100010000000000100010000001000000010001100000010000000000000000
0000000000000000000100101010101000100000001000000000000010000010000000001110000000001000000000000000
0000000000000000000100101010101001010110011001001001011100000001000000010000000000000000000000000000
0000000000000000000100101010101010001001100110110110100100000010000000100001000000001000000000000000
0000000000000000000000000000000000000000000100000000000010000010000000010000100000010000000000000000
0000000000000100000000000000000000001010000100000000100010000010000000100000011111100000000000000000
0000000000000010000000000000000000010001111011111111000010000001000000011101100000010000000000000000
0000000000000001000000000000000000100010000000000000100100000001000000010010000000001000000000000000
0000000000000000100000000000000001000000000000000000000100000011000000010000000000000000000000000000
0000000000000000011111111101111110000010000000000000100010000100110000101010000000001000000000000000
0000000000000000100000000010000001000001000000000001000100001000001111000101100000010000000000000000
0000000000000001000000000010000010100000111111111110000100010000000000100000011000100000000000000000
0000000000000010000000000010000001010000100000000001000010000000000000010000010111100000000000000000
0000000000000100000000000010000001001001000000000000100100010000000000100000100000010000000000000000
0000000000000000000000000010000001000001000000000000000010001000000000100001000000001000000000000000
0000000000000100000000000010000001000001000000000000000100000100000000100000000000000000000000000000
0000000000000010000000000010000001000001000000000000000100000111111101011010000000001000000000000000
0000000000000001111111101101111110111110111111111111111011111000000010000101000000010000000000000000
0000000000000001000000010000000000000010000000000000000100000000000001000000101101100000000000000000
0000000000000010000000010000000000000010000000000000000100000000000001000000010010100000000000000000
0000000000000100000000010000000000000010000000000000000100000000000001000000100000010000000000000000
0000000000000010000000010000101000000100000000000001000100000000100000100001000000001000000000000000
0000000000000001011010110001000100000011100000000010000100000001000001000000000000000000000000000000
0000000000000001100101001010000011101100011111111110001010111110000000101010000000001000000000000000
0000000000000010000000000100000100010100010000000001110001000001000000010101100000010000000000000000
0000000000000100000000000100001000010100100000000000010001000000100000100000010000100000000000000000
0000000000000010000010000100000000010100000000000000001010000000000000100000001001000000000000000000
0000000000000010000100000100001000100010000001010000010001000000100001000000000110000000000000000000
0000000000000001001000000100000100100001000010001000100001000001000001000000000100000000000000000000
0000000000000000110000000100000011000001000100000101000000100010000000100000000100000000000000000000
0000000000000000100000000100000001000000101000000010000000010100000000100000000010000000000000000000
0000000000000000010000000100000001000000010000000010000000001000000000100000000110000000000000000000
0000000000000000110000000100000001000000101000000011000000010100000001100000001001000000000000000000
0000000000000001001000001010000011000001000100000100100000100010000010010000010000100000000000000000
0000000000000010000100010001000100100010000010001000010001000001000100001000100000010000000000000000
0000000000000100000010100000101000010100000001010000001010000000101000000101000000001000000000000000
0000000000000000000000000000000000000000000000000000000000000000000000000000000000000000000000000000
0000000000000000000000000000000000000000000000000000000000000000000000000000000000000000000000000000
0000000000000000000000000000000000000000000000000000000000000000000000000000000000000000000000000000
0000000000000000000000000000000000000000000000000000000000000000000000000000000000000000000000000000
0000000000000000000000000000000000000000000000000000000000000000000000000000000000000000000000000000
0000000000000000000000000000000000000000000000000000000000000000000000000000000000000000000000000000
0000000000000000000000000000000000000000000000000000000000000000000000000000000000000000000000000000
0000000000000000000000000000000000000000000000000000000000000000000000000000000000000000000000000000
0000000000000000000000000000000000000000000000000000000000000000000000000000000000000000000000000000
0000000000000000000000000000000000000000000000000000000000000000000000000000000000000000000000000000
0000000000000000000000000000000000000000000000000000000000000000000000000000000000000000000000000000
0000000000000000000000000000000000000000000000000000000000000000000000000000000000000000000000000000
0000000000000000000000000000000000000000000000000000000000000000000000000000000000000000000000000000
0000000000000000000000000000000000000000000000000000000000000000000000000000000000000000000000000000
